     0/199    0.329G   0.07396    0.3588   0.04652    0.4792        12       640   0.00283   0.06076 0.0008024 0.0001255    0.1038   0.02416   0.04553
     1/199     1.47G    0.0746    0.0144   0.04509    0.1341        28       640  0.003726    0.0223 0.0007713 0.0001183    0.1026   0.01956   0.04357
     2/199     1.65G   0.07334   0.01202   0.04094    0.1263        26       640    0.1724   0.01814  0.001326 0.0002284    0.1021   0.02692    0.0344
     3/199     1.66G   0.07099   0.01166   0.03221    0.1149        25       640    0.3532   0.04942   0.01058  0.002071   0.09625   0.01829    0.0288
     4/199     1.66G   0.06571   0.01225   0.02593    0.1039        21       640    0.7132   0.05931   0.02922  0.005929   0.08648   0.02202   0.02542
     5/199     1.66G   0.05964   0.01281   0.02304    0.0955        37       640    0.8064    0.1023   0.09593   0.03307   0.07942   0.02022   0.02413
     6/199     1.66G   0.05631   0.01325   0.02057   0.09014        47       640    0.6425    0.1294    0.1294   0.04155    0.0744   0.01988    0.0224
     7/199     1.66G   0.05374   0.01402   0.01877   0.08653        23       640    0.6587     0.126    0.1299   0.04538   0.07461   0.02042   0.02215
     8/199     1.66G   0.05156   0.01335   0.01753   0.08243        16       640    0.8533    0.1529    0.1529   0.06107   0.06976   0.02163   0.02205
     9/199     1.66G      0.05    0.0138   0.01727   0.08106        21       640    0.3583    0.2263    0.1965   0.09145    0.0667   0.02043    0.0211
    10/199     1.66G   0.04844   0.01387   0.01588   0.07819        41       640    0.8231    0.1699    0.2195    0.1035   0.06636   0.02013   0.02132
    11/199     1.66G   0.04757   0.01419   0.01562   0.07738        28       640    0.5642    0.1909    0.2005   0.09178   0.06641   0.02077   0.02102
    12/199     1.66G   0.04605   0.01374   0.01467   0.07447         9       640    0.5828    0.2364    0.2285    0.1101   0.06406   0.02143   0.02056
    13/199     1.66G   0.04556   0.01393   0.01439   0.07387        20       640    0.6262    0.2289    0.2216   0.09619   0.06377   0.02188   0.02011
    14/199     1.66G   0.04473   0.01377    0.0137   0.07221        21       640    0.4253    0.3132    0.2707    0.1364     0.062   0.02095    0.0195
    15/199     1.66G   0.04439   0.01381   0.01324   0.07144        35       640    0.5856    0.2793    0.2907     0.152   0.05787   0.02057   0.01956
    16/199     1.66G   0.04411   0.01378   0.01285   0.07074        13       640    0.3775     0.291    0.2977     0.148   0.06214   0.02083   0.01914
    17/199     1.66G   0.04311   0.01368   0.01235   0.06913        25       640    0.4191    0.3188    0.3224    0.1588   0.05714    0.0214   0.01838
    18/199     1.66G   0.04246   0.01413   0.01237   0.06896        26       640    0.3931    0.4093    0.3595    0.1762   0.05799   0.02091   0.01894
    19/199     1.66G   0.04137   0.01369   0.01205   0.06711        21       640    0.3154    0.4393    0.3456     0.173   0.05678   0.02233   0.02002
    20/199     1.66G   0.04078   0.01385   0.01148   0.06611        10       640    0.4969    0.4197    0.4247    0.2265   0.05512   0.02096   0.01882
    21/199     1.66G   0.03995   0.01395   0.01138   0.06529        27       640     0.442    0.4291    0.3994    0.2097   0.05383   0.02127   0.01832
    22/199     1.66G   0.04021   0.01367   0.01118   0.06505        36       640    0.4478    0.5525    0.4907    0.2807   0.05237   0.02047   0.01838
    23/199     1.66G   0.03945    0.0136   0.01057   0.06362        12       640    0.5132     0.519    0.5037    0.2839    0.0527   0.02009   0.01764
    24/199     1.66G   0.03972   0.01334   0.01056   0.06362        42       640    0.6189    0.4599    0.5032    0.2783    0.0508   0.02059   0.01825
    25/199     1.66G   0.03925   0.01331    0.0106   0.06316        17       640    0.5211     0.523      0.49    0.2758   0.05162   0.02012   0.01646
    26/199     1.66G   0.03888   0.01327   0.01007   0.06222        22       640    0.5092    0.5249    0.5128    0.2681   0.05177   0.02083   0.01704
    27/199     1.66G   0.03859    0.0135  0.009992   0.06209        24       640    0.5402    0.5266    0.5211    0.2867    0.0524   0.02052   0.01724
    28/199     1.66G   0.03814   0.01342  0.009589   0.06114        11       640    0.5272    0.4927    0.4876    0.2668   0.05007   0.02111   0.01616
    29/199     1.66G   0.03788   0.01334  0.009332   0.06055        48       640    0.6177    0.5234    0.5516    0.3135   0.04862   0.02052   0.01627
    30/199     1.66G    0.0375    0.0132  0.009183   0.05988        16       640    0.5654     0.516    0.5311    0.2938   0.04954   0.02073   0.01728
    31/199     1.66G   0.03762   0.01325  0.009539    0.0604        26       640    0.5569    0.5473    0.5643    0.3324    0.0498   0.02076   0.01613
    32/199     1.66G   0.03744   0.01281  0.008817   0.05906        22       640    0.5687    0.5722    0.5634    0.3329   0.04916   0.02046   0.01722
    33/199     1.66G   0.03658   0.01303  0.008916   0.05853        21       640    0.5766    0.5462    0.5499    0.3205   0.04871    0.0205   0.01659
    34/199     1.66G   0.03599    0.0134  0.008704    0.0581        14       640    0.6416    0.4978     0.566    0.3315   0.04798   0.02137   0.01646
    35/199     1.66G   0.03655   0.01337  0.008507   0.05843        15       640    0.6124    0.6181    0.6108    0.3634   0.04767   0.02071   0.01549
    36/199     1.66G   0.03635   0.01299  0.008376   0.05771        18       640    0.6378    0.5444    0.5896     0.359   0.04716   0.02096   0.01586
    37/199     1.66G   0.03603   0.01282  0.008134   0.05698        27       640    0.5469    0.5884    0.5875    0.3423   0.04696    0.0203    0.0161
    38/199     1.66G   0.03625   0.01278  0.008366   0.05739        27       640    0.6758    0.5522     0.623    0.3736   0.04637   0.02031   0.01588
    39/199     1.66G   0.03547   0.01281  0.008142   0.05642        18       640    0.6129    0.6034    0.6245    0.3702   0.04692   0.02094   0.01546
    40/199     1.66G   0.03557   0.01304  0.008285    0.0569        25       640    0.6168    0.5795    0.6135    0.3825   0.04553   0.02081   0.01546
    41/199     1.66G   0.03535   0.01293  0.008137   0.05641        36       640    0.5684    0.5788    0.5885    0.3613   0.04564   0.02086   0.01604
    42/199     1.66G   0.03535   0.01319  0.008081   0.05662        29       640     0.713    0.5512    0.6335    0.3844   0.04542   0.02039   0.01499
    43/199     1.66G   0.03505   0.01261  0.007908   0.05557        24       640    0.5679    0.6118    0.6148    0.3651   0.04556   0.02049   0.01567
    44/199     1.66G    0.0359   0.01282  0.007831   0.05655        31       640    0.6156    0.6208    0.6306    0.3818   0.04579   0.02051   0.01555
    45/199     1.66G   0.03511   0.01277   0.00794   0.05582        15       640    0.5885    0.5865    0.6009      0.36   0.04627   0.02046    0.0154
    46/199     1.66G   0.03422   0.01277  0.007424   0.05442        18       640    0.6366    0.5755    0.6221    0.3804    0.0456   0.02086   0.01495
    47/199     1.66G   0.03494   0.01272  0.007773   0.05543        28       640    0.6717    0.5655     0.625    0.3846   0.04402   0.02054   0.01462
    48/199     1.66G   0.03522   0.01283  0.007802   0.05586        16       640    0.6231    0.6065    0.6373    0.3867   0.04474   0.02068   0.01583
    49/199     1.66G   0.03452   0.01247  0.007133   0.05412         7       640    0.7362    0.5469    0.6336    0.3955   0.04529   0.02027   0.01469
    50/199     1.66G   0.03492   0.01246  0.007399   0.05478        21       640    0.7069    0.5748    0.6584    0.4141    0.0438    0.0209   0.01499
    51/199     1.66G   0.03361   0.01265  0.007075   0.05334        35       640    0.6335    0.6681     0.673    0.4297   0.04363   0.02031   0.01437
    52/199     1.66G   0.03397   0.01285  0.007091   0.05391        23       640    0.6374    0.5897    0.6359    0.4041   0.04431   0.02039   0.01473
    53/199     1.66G   0.03334   0.01241  0.006889   0.05264        26       640    0.6299    0.6225      0.64    0.4047   0.04418   0.02099   0.01416
    54/199     1.66G   0.03407   0.01237  0.007394   0.05384        17       640    0.6881    0.6155    0.6788    0.4283     0.044   0.02067    0.0142
    55/199     1.66G   0.03357   0.01238  0.006902   0.05284        16       640     0.683    0.6323    0.6764     0.429   0.04351   0.02065   0.01424
    56/199     1.66G   0.03373   0.01234  0.006929     0.053        37       640    0.6948    0.6243    0.6791    0.4255   0.04308   0.02068   0.01383
    57/199     1.66G   0.03285   0.01241  0.006672   0.05193        22       640    0.6647    0.6332    0.6839    0.4389   0.04294   0.02066   0.01396
    58/199     1.66G   0.03366   0.01227  0.006905   0.05284        13       640    0.6205    0.6548     0.666    0.4274   0.04317   0.02018   0.01432
    59/199     1.66G   0.03314   0.01256  0.006903   0.05259        46       640    0.6123    0.6402    0.6537     0.417   0.04387   0.02072   0.01449
    60/199     1.66G     0.033   0.01227  0.006609   0.05188        32       640      0.65    0.6654    0.6928    0.4481   0.04297   0.02068   0.01413
    61/199     1.66G   0.03292   0.01221  0.006575   0.05171        31       640    0.6871    0.6545     0.706    0.4548   0.04198   0.02052   0.01337
    62/199     1.66G   0.03271    0.0123  0.006491    0.0515        22       640    0.6683    0.5862    0.6569    0.4242   0.04223   0.02023   0.01439
    63/199     1.66G   0.03242   0.01179  0.006438   0.05065        22       640    0.6463    0.6515    0.6872    0.4443   0.04309   0.02097   0.01472
    64/199     1.66G    0.0326   0.01215  0.006367   0.05112        19       640    0.6626      0.66    0.6972    0.4496   0.04265   0.02046   0.01368
    65/199     1.66G   0.03269   0.01226  0.006419   0.05137        39       640    0.6943    0.6377    0.6955    0.4489   0.04195   0.02012   0.01304
    66/199     1.66G   0.03256   0.01216  0.006362   0.05108         7       640    0.6591    0.6625     0.682      0.44   0.04205   0.02053   0.01322
    67/199     1.66G   0.03268   0.01229  0.006387   0.05136        18       640    0.6694    0.6603     0.709    0.4576   0.04128   0.02033   0.01306
    68/199     1.66G   0.03256   0.01226  0.006301   0.05112         4       640    0.6409    0.6633    0.6689    0.4353   0.04194   0.02051   0.01328
    69/199     1.66G   0.03245   0.01248  0.006341   0.05127        18       640    0.6469    0.6752    0.6887    0.4527   0.04199    0.0209   0.01306
    70/199     1.66G    0.0324   0.01236  0.006195   0.05095        17       640     0.715    0.6598    0.7109    0.4649   0.04214   0.02032   0.01276
    71/199     1.66G   0.03204   0.01216   0.00598   0.05018        20       640    0.6792    0.6766     0.705    0.4648   0.04031   0.02041   0.01283
    72/199    0.348G   0.03207   0.01189  0.006091   0.05005        12       640    0.7158    0.6607     0.725    0.4772   0.04157   0.02057   0.01348
    73/199      1.6G   0.03231   0.01195   0.00638   0.05064        28       640    0.6399    0.6877    0.6805    0.4446   0.04056   0.02057   0.01319
    74/199     1.78G   0.03115   0.01182  0.006201   0.04917        26       640    0.7099    0.6484    0.6972    0.4661    0.0407   0.02039   0.01291
    75/199     1.78G   0.03155   0.01167  0.006005   0.04923        25       640    0.7166    0.6457    0.7191    0.4743   0.04054   0.02073   0.01312
    76/199     1.78G   0.03215   0.01212   0.00622   0.05049        21       640    0.7227    0.6189    0.7081    0.4689    0.0414   0.02033     0.013
    77/199     1.78G   0.03117   0.01169  0.005777   0.04864        37       640    0.7614    0.6484    0.7398    0.4877   0.04012   0.02046   0.01324
    78/199     1.78G   0.03192   0.01183  0.005936   0.04968        47       640    0.7085    0.6581    0.7195    0.4754     0.041   0.02051   0.01286
    79/199     1.78G   0.03128    0.0123  0.005569   0.04915        23       640    0.6984    0.7011    0.7336    0.4871   0.03997   0.02061   0.01293
    80/199     1.78G   0.03071   0.01158  0.005611    0.0479        16       640    0.6737    0.6703    0.7112    0.4726   0.04093   0.02088   0.01227
    81/199     1.78G    0.0315   0.01172  0.005744   0.04896        21       640    0.6643    0.6864     0.696    0.4688   0.03994   0.02038   0.01228
    82/199     1.78G   0.03083    0.0118  0.005531   0.04815        41       640    0.6599    0.7087    0.7256    0.4849   0.04117   0.02022   0.01271
    83/199     1.78G   0.03121   0.01195  0.005795   0.04896        28       640    0.6957    0.6803    0.7293    0.4896   0.04004   0.02064   0.01257
    84/199     1.78G   0.03065   0.01149  0.005436   0.04758         9       640    0.7232    0.6508    0.7308    0.4917   0.03972   0.02097   0.01249
    85/199     1.78G   0.03129   0.01168  0.005754   0.04873        20       640    0.6873    0.6816     0.727    0.4843   0.03981   0.02097   0.01269
    86/199     1.78G   0.03073   0.01154  0.005478   0.04775        21       640     0.691    0.6715    0.7266    0.4857   0.04006   0.02086   0.01222
    87/199     1.78G   0.03087   0.01162  0.005535   0.04803        35       640    0.7113    0.6415    0.7199    0.4895   0.03956   0.02148   0.01201
    88/199     1.78G   0.03137   0.01173  0.005629   0.04873        13       640    0.6944    0.6679    0.7199    0.4888   0.04014   0.02061   0.01229
    89/199     1.78G   0.03132   0.01167  0.005501   0.04849        25       640    0.7014    0.6925    0.7216    0.4848   0.03955   0.02064   0.01258
    90/199     1.78G    0.0308   0.01206  0.005919   0.04877        26       640    0.7118    0.6824    0.7355    0.4965   0.03952   0.02057   0.01196
    91/199     1.78G   0.03029    0.0117  0.005642   0.04764        21       640    0.6717    0.6792    0.7183    0.4826   0.03977   0.02028    0.0121
    92/199     1.78G   0.03021   0.01172  0.005349   0.04727        10       640    0.6837     0.682    0.7147    0.4805   0.04001   0.02068   0.01235
    93/199     1.78G   0.02988   0.01179  0.005284   0.04695        27       640    0.7009    0.7051    0.7436    0.5001   0.03857   0.02062   0.01235
    94/199     1.78G   0.03051   0.01173  0.005367   0.04761        36       640    0.6555    0.7158    0.7173    0.4748   0.03915   0.02091   0.01192
    95/199     1.78G   0.02989   0.01163  0.005232   0.04675        12       640    0.6891    0.7048    0.7389    0.4957    0.0395   0.02076   0.01161
    96/199     1.78G   0.03043   0.01145   0.00512     0.047        42       640     0.688    0.6671    0.7231    0.4929   0.03922   0.02051    0.0123
    97/199     1.78G   0.03044   0.01149  0.005486   0.04742        17       640    0.6832    0.7098     0.733    0.4984   0.03918   0.02035   0.01186
    98/199     1.78G   0.03015    0.0115  0.005306   0.04695        22       640    0.6871     0.721    0.7437    0.5032   0.03876   0.02127   0.01225
    99/199     1.78G   0.03013   0.01154   0.00515   0.04682        24       640    0.6929    0.6917    0.7311    0.4922    0.0388   0.02065    0.0125
   100/199     1.78G   0.03014   0.01159  0.005106   0.04684        11       640    0.6706    0.7185    0.7454    0.5052   0.03853   0.02067   0.01179
   101/199     1.78G   0.02992   0.01149  0.004871   0.04628        48       640    0.6782    0.6968    0.7347    0.5028   0.03863   0.02091   0.01213
   102/199     1.78G   0.02966   0.01152  0.004859   0.04604        16       640    0.7157    0.7035    0.7618    0.5124   0.03847   0.02148   0.01216
   103/199     1.78G   0.02973   0.01153   0.00533   0.04659        26       640    0.7224    0.7028    0.7538    0.5138    0.0389   0.02077   0.01151
   104/199     1.78G   0.02985   0.01122  0.004824   0.04589        22       640    0.7728     0.664    0.7647     0.524   0.03871   0.02052   0.01155
   105/199     1.78G   0.02911   0.01131  0.004903   0.04532        21       640    0.7696    0.6771    0.7671    0.5205   0.03879   0.02037   0.01132
   106/199     1.78G   0.02875   0.01172  0.004843   0.04531        14       640    0.7071    0.7221    0.7552    0.5119   0.03882   0.02092   0.01159
   107/199     1.78G   0.02961   0.01171  0.004805   0.04613        15       640    0.6887    0.7256    0.7466    0.5183   0.03874   0.02093   0.01144
   108/199     1.78G   0.02961   0.01134  0.004827   0.04577        18       640    0.6733    0.7527    0.7563    0.5175   0.03867   0.02061   0.01196
   109/199     1.78G   0.02922   0.01128  0.004641   0.04514        27       640    0.7015    0.7298    0.7531    0.5146   0.03803   0.02057    0.0113
   110/199     1.78G   0.02922   0.01115  0.004729   0.04511        27       640    0.6915    0.7654    0.7666    0.5261   0.03822    0.0208   0.01131
   111/199     1.78G   0.02895   0.01126  0.004624   0.04483        18       640    0.6961    0.7213     0.746    0.5071   0.03823   0.02077   0.01136
   112/199     1.78G   0.02883   0.01154  0.004831   0.04519        25       640    0.7075    0.7315    0.7631    0.5226   0.03793   0.02101   0.01156
   113/199     1.78G   0.02917   0.01135  0.004746   0.04526        36       640    0.6965    0.7318    0.7634    0.5183   0.03835   0.02079   0.01131
   114/199     1.78G   0.02936   0.01168  0.004905   0.04595        29       640    0.7113    0.7371    0.7643    0.5315   0.03806   0.02066     0.011
   115/199     1.78G   0.02883   0.01111  0.004676   0.04461        24       640    0.6834    0.7656     0.765    0.5259   0.03826   0.02108   0.01119
   116/199     1.78G   0.02953   0.01137  0.004779   0.04568        31       640    0.6761    0.7437    0.7654    0.5151   0.03818   0.02059   0.01137
   117/199     1.78G   0.02928   0.01131   0.00472   0.04531        15       640    0.6912    0.7284    0.7501    0.5107   0.03838   0.02079   0.01178
   118/199     1.78G   0.02845   0.01126  0.004426   0.04414        18       640    0.7069    0.7305    0.7615    0.5228   0.03788   0.02053   0.01134
   119/199     1.78G   0.02902   0.01125  0.004818   0.04508        28       640    0.6786    0.7482    0.7545    0.5214   0.03756    0.0212   0.01099
   120/199     1.78G   0.02912    0.0114  0.004742   0.04526        16       640    0.7245     0.721    0.7685    0.5275   0.03804   0.02055   0.01142
   121/199     1.78G    0.0284   0.01098  0.004229   0.04361         7       640    0.7258    0.6981    0.7534    0.5204   0.03791    0.0208   0.01132
   122/199     1.78G   0.02918   0.01112  0.004583   0.04489        21       640    0.7081    0.7322    0.7721    0.5363   0.03808   0.02095   0.01094
   123/199     1.78G   0.02818   0.01128  0.004342    0.0438        35       640    0.7253    0.7256    0.7703    0.5302    0.0382   0.02102   0.01136
   124/199     1.78G   0.02848   0.01152  0.004512   0.04451        23       640    0.6978    0.7166    0.7475    0.5187   0.03795    0.0209   0.01096
   125/199     1.78G   0.02797   0.01103   0.00425   0.04325        26       640    0.6956    0.7087    0.7528    0.5268   0.03785   0.02077   0.01085
   126/199     1.78G   0.02872   0.01101  0.004503   0.04423        17       640      0.71    0.6708     0.742    0.5171   0.03797   0.02084   0.01082
   127/199     1.78G   0.02826   0.01108  0.004312   0.04365        16       640    0.7027     0.741    0.7701    0.5356   0.03732    0.0211   0.01092
   128/199     1.78G   0.02834   0.01103  0.004341   0.04371        37       640    0.6583    0.7661    0.7582    0.5296   0.03771   0.02095   0.01076
   129/199     1.78G   0.02775   0.01113  0.004204   0.04308        22       640    0.7261    0.7077    0.7581    0.5242    0.0372   0.02092   0.01061
   130/199     1.78G   0.02852   0.01104  0.004306   0.04387        13       640    0.7364    0.7167    0.7682    0.5366   0.03768   0.02113   0.01079
   131/199     1.78G   0.02823    0.0113  0.004479   0.04401        46       640    0.6901    0.7528    0.7729    0.5342   0.03737   0.02077   0.01095
   132/199     1.78G   0.02809   0.01097  0.004206   0.04327        32       640    0.7229    0.7079    0.7567    0.5289   0.03704   0.02124   0.01086
   133/199     1.78G   0.02812     0.011  0.004284    0.0434        31       640    0.7109     0.748    0.7671    0.5288   0.03754   0.02098   0.01114
   134/199     1.78G   0.02795   0.01105  0.004217   0.04322        22       640    0.6698    0.7811    0.7667    0.5282   0.03713   0.02098   0.01106
   135/199     1.78G    0.0275   0.01059  0.004033   0.04213        22       640    0.7083    0.7383    0.7666    0.5286    0.0372   0.02103   0.01081
   136/199     1.78G   0.02766   0.01084  0.004078   0.04258        19       640    0.7014    0.7504    0.7643    0.5296   0.03719   0.02103   0.01073
   137/199     1.78G   0.02787   0.01103  0.004154   0.04305        39       640     0.707    0.7253    0.7679    0.5335   0.03718   0.02082    0.0105
   138/199     1.78G   0.02789   0.01091  0.004185   0.04299         7       640    0.7153    0.7314    0.7653    0.5343   0.03693   0.02119   0.01079
   139/199     1.78G   0.02803   0.01107  0.003989   0.04308        18       640    0.7121    0.7328    0.7713    0.5357   0.03674   0.02112   0.01048
   140/199     1.78G   0.02789   0.01105  0.004062     0.043         4       640    0.7631    0.6935    0.7707    0.5351   0.03703   0.02103   0.01054
   141/199     1.78G    0.0279   0.01132  0.004186    0.0434        18       640    0.7117    0.7185    0.7665    0.5387   0.03685   0.02103   0.01073
   142/199     1.78G   0.02781   0.01116  0.004033     0.043        17       640    0.7403     0.696     0.762    0.5301   0.03726   0.02098   0.01048
   143/199     1.78G   0.02776   0.01098  0.003934   0.04267        20       640    0.7151    0.7285    0.7668    0.5363   0.03678   0.02113   0.01019
   144/199     1.78G   0.02811   0.01098   0.00419   0.04328        18       640    0.7195     0.733    0.7709    0.5358   0.03686   0.02092   0.01032
   145/199     1.78G   0.02776   0.01101  0.004326    0.0431        12       640    0.7228    0.7404    0.7769    0.5405   0.03663   0.02098   0.01031
   146/199     1.78G    0.0281   0.01096  0.004321   0.04339        16       640    0.7144    0.7487    0.7713    0.5387   0.03677   0.02096   0.01063
   147/199     1.78G   0.02811   0.01121  0.004161   0.04348        37       640    0.7206     0.736    0.7717     0.535   0.03665   0.02125   0.01055
   148/199     1.78G   0.02795   0.01113  0.004259   0.04333        21       640    0.7389    0.7272    0.7716    0.5386   0.03644   0.02095   0.01031
   149/199     1.78G   0.02761   0.01077  0.004066   0.04245        35       640    0.7157    0.7518    0.7725    0.5379   0.03659   0.02132   0.01038
   150/199     1.78G   0.02818   0.01077  0.004261    0.0432         7       640    0.7083    0.7534    0.7811    0.5428   0.03649   0.02104   0.01064
   151/199     1.78G   0.02743   0.01103  0.004011   0.04247         9       640    0.7087    0.7614    0.7859    0.5491   0.03662   0.02083   0.01046
   152/199     1.78G   0.02702   0.01094  0.003903   0.04187        19       640    0.7049    0.7541    0.7717    0.5387   0.03657   0.02108   0.01041
   153/199     1.78G    0.0279   0.01107  0.004204   0.04317        30       640    0.7234     0.751      0.78     0.543   0.03667   0.02093   0.01062
   154/199     1.78G    0.0274   0.01042  0.003964   0.04178        24       640    0.7331    0.7187    0.7746    0.5359   0.03688   0.02082    0.0106
   155/199     1.78G   0.02772   0.01128  0.003805    0.0428        28       640     0.762    0.6979    0.7796    0.5416   0.03651   0.02106   0.01038
   156/199     1.78G   0.02748   0.01133  0.004155   0.04297        14       640    0.7316    0.7238    0.7778    0.5404   0.03649   0.02124   0.01058
   157/199     1.78G   0.02728   0.01107  0.004047    0.0424        20       640    0.7186    0.7594    0.7855    0.5454    0.0363   0.02122   0.01045
   158/199     1.78G   0.02697   0.01139  0.003949   0.04231         4       640    0.7532    0.7318    0.7865    0.5485   0.03634   0.02117   0.01014
   159/199     1.78G     0.027    0.0109  0.003665   0.04156        41       640    0.7597    0.7086    0.7776    0.5489   0.03628   0.02122   0.01054
   160/199    0.344G   0.02711   0.01063  0.003552   0.04129        12       640    0.7252    0.7404    0.7747     0.541   0.03623   0.02124   0.01076
   161/199      1.6G   0.02736   0.01067  0.003904   0.04193        28       640    0.7636    0.7162    0.7786    0.5467   0.03616   0.02132   0.01045
   162/199     1.78G   0.02627   0.01042  0.003639   0.04033        26       640    0.7242    0.7592    0.7806    0.5468   0.03608   0.02136   0.01061
   163/199     1.78G   0.02657   0.01035  0.003564   0.04049        25       640    0.7295    0.7469    0.7823    0.5441   0.03621   0.02123    0.0105
   164/199     1.78G   0.02717    0.0108  0.003866   0.04184        21       640    0.7255    0.7544    0.7789    0.5442   0.03615   0.02148   0.01049
   165/199     1.78G   0.02648    0.0105  0.003695   0.04067        37       640    0.7492    0.7426    0.7772    0.5502   0.03601   0.02163   0.01052
   166/199     1.78G   0.02696   0.01065  0.003443   0.04106        47       640    0.7023    0.7725    0.7755    0.5469   0.03598   0.02136   0.01051
   167/199     1.78G   0.02654   0.01102  0.003481   0.04104        23       640    0.7316    0.7416    0.7818    0.5512   0.03598   0.02122   0.01034
   168/199     1.78G   0.02598   0.01033  0.003426   0.03974        16       640    0.6946    0.7691    0.7745    0.5437   0.03586   0.02137    0.0102
   169/199     1.78G    0.0268    0.0105  0.003524   0.04083        21       640    0.7301    0.7342    0.7723    0.5395   0.03573   0.02133   0.01035
   170/199     1.78G   0.02618   0.01055  0.003458   0.04019        41       640    0.7156    0.7471    0.7812    0.5474   0.03609   0.02139   0.01012
   171/199     1.78G   0.02678   0.01078  0.003638    0.0412        28       640    0.7093    0.7394    0.7721    0.5378   0.03626   0.02125   0.01051
   172/199     1.78G   0.02629   0.01023  0.003286   0.03981         9       640    0.7535    0.7185    0.7775     0.542   0.03595   0.02131   0.01017
   173/199     1.78G   0.02677   0.01054  0.003679   0.04099        20       640    0.7046    0.7467    0.7723    0.5384   0.03614    0.0214   0.01023
   174/199     1.78G   0.02646   0.01036  0.003376   0.04019        21       640    0.7067    0.7383    0.7698    0.5387   0.03589   0.02158   0.01038
   175/199     1.78G   0.02668   0.01057  0.003554    0.0408        35       640    0.7307    0.7577     0.778    0.5452   0.03594   0.02164   0.01027
   176/199     1.78G   0.02699   0.01059  0.003484   0.04106        13       640    0.7243    0.7638    0.7771    0.5439   0.03606    0.0215   0.01013
   177/199     1.78G   0.02692   0.01052  0.003309   0.04075        25       640    0.7631    0.7177    0.7789    0.5462   0.03595   0.02131   0.01025
   178/199     1.78G   0.02656   0.01088  0.003799   0.04124        26       640    0.7347     0.737     0.781    0.5446   0.03583   0.02131    0.0102
   179/199     1.78G   0.02622   0.01054  0.003543    0.0403        21       640    0.7232    0.7366    0.7764    0.5454   0.03584   0.02139   0.01025
   180/199     1.78G   0.02599   0.01053  0.003285    0.0398        10       640      0.74    0.7371    0.7821    0.5482   0.03602   0.02143   0.01019
   181/199     1.78G   0.02599   0.01061  0.003288   0.03989        27       640    0.7226    0.7559    0.7808    0.5508   0.03583   0.02139   0.01033
   182/199     1.78G   0.02646   0.01064  0.003374   0.04048        36       640    0.7397    0.7343    0.7863    0.5547   0.03598   0.02132   0.01023
   183/199     1.78G   0.02597   0.01048  0.003238   0.03968        12       640    0.7289    0.7514    0.7873    0.5524   0.03598   0.02135   0.01023
   184/199     1.78G    0.0266    0.0104  0.003275   0.04028        42       640    0.7396    0.7532    0.7835    0.5519   0.03616   0.02138   0.01024
   185/199     1.78G   0.02635   0.01042  0.003496   0.04027        17       640    0.7224    0.7651    0.7868    0.5538    0.0361   0.02141   0.01043
   186/199     1.78G   0.02628   0.01042  0.003355   0.04005        22       640    0.7278    0.7585    0.7878    0.5548   0.03577   0.02132   0.01029
   187/199     1.78G   0.02638   0.01048  0.003232   0.04008        24       640    0.7286    0.7674    0.7892    0.5528   0.03568   0.02145   0.01022
   188/199     1.78G   0.02625   0.01054  0.003213      0.04        11       640    0.7142    0.7598    0.7818    0.5495   0.03585   0.02143   0.01026
   189/199     1.78G   0.02629   0.01045  0.003131   0.03987        48       640    0.7581    0.7201    0.7858    0.5492   0.03561   0.02133   0.01013
   190/199     1.78G   0.02584   0.01052  0.003092   0.03946        16       640    0.7613    0.7074    0.7783    0.5449   0.03577   0.02125   0.01036
   191/199     1.78G   0.02611   0.01046  0.003363   0.03994        26       640    0.7591    0.7143    0.7806    0.5494   0.03566   0.02139    0.0104
   192/199     1.78G   0.02612   0.01019  0.003109   0.03942        22       640    0.7499    0.7293     0.784    0.5514   0.03542    0.0214   0.01028
   193/199     1.78G   0.02564   0.01028  0.003247   0.03917        21       640    0.7179    0.7471    0.7828    0.5492   0.03569   0.02129   0.01023
   194/199     1.78G   0.02553   0.01069  0.003128   0.03934        14       640    0.7054    0.7592    0.7758    0.5453   0.03572   0.02137   0.01016
   195/199     1.78G   0.02626   0.01068  0.003144   0.04009        15       640     0.699    0.7785    0.7811    0.5456   0.03562   0.02145   0.01016
   196/199     1.78G   0.02644    0.0104  0.003356   0.04019        18       640    0.7267    0.7489     0.786    0.5514   0.03553   0.02161   0.01019
   197/199     1.78G    0.0259   0.01033  0.003158   0.03939        27       640    0.7513    0.7329    0.7848     0.555   0.03552   0.02146   0.01025
   198/199     1.78G   0.02581   0.01024  0.003147    0.0392        27       640     0.741    0.7598    0.7853     0.556   0.03546   0.02143   0.01027
   199/199     1.78G   0.02568   0.01036  0.003069   0.03911        18       640    0.7302    0.7403    0.7785     0.551   0.03545   0.02152   0.01014
